0.00650406
0.00863019
0.00950461
0.0120064
0.00403281
0.00805942
0.0150831
0.00594177
0.00903879
0.165002
0.173124
0.263372
0.344334
0.294971
0.0940046
0.231092
0.508602
0.703959
0.00098947
0.671168
0.804792
0.745627
0.00829243
0.984196
0.844711
0.308947
1.17514
1.23935
1.28036
0.0343817
0.514387
1.57092
1.53233
0.954297
0.373357
0.00349597
0.00498907
2.32809
0.0708782
1.16647
0.0631985
2.29825
0.115578
2.44427
0.339722
0.634664
0.264848
1.32646
2.80579
2.86846
0.215235
0.792534
3.32583
0.26438
3.34308
0.0958139
0.0691656
0.0739354
3.56465
3.72662
1.83832
3.73132
1.64237
1.72894
0.291364
0.315642
0.0120964
0.0297235
1.92628
1.02586
0.0686761
4.31736
2.5449
0.356915
3.35321
4.64469
4.65434
0.555295
4.82977
0.221255
2.74738
4.50903
0.60828
2.61434
0.0473627
0.00560418
5.82339
1.92885
6.26733
4.14797
5.85184
6.34306
1.71714
0.0397755
5.41754
2.08751
4.11764
0.00492413
2.8834
0.0483558
0.124562
7.2611
0.0268296
5.05157
7.75585
3.46625
0.82601
3.53699
5.7751
0.853755
0.00218765
1.06803
0.0717575
8.24674
7.88826
6.20246
0.32066
4.788
0.566823
0.0440083
0.528957
1.70866
9.15666
8.72985
1.38532
0.834684
3.13476
0.266517
0.2866
0.0242625
6.26451
1.18697
2.03244
0.122181
0.715339
4.23421
0.337783
2.71814
5.739
6.72904
9.70035
0.765178
3.04912
2.69267
5.86309
4.8344
0.115918
0.0947137
0.129881
0.284943
2.4243
0.78794
0.0517647
0.149825
6.51114
0.309788
2.57927
3.06481
2.41078
0.00333172
0.583493
2.01954
0.381033
13.4555
1.46901
11.4851
0.706728
0.208704
3.46443
5.09076
2.24671
3.98128
0.321992
1.53637
0.571497
13.7629
0.317176
0.00368386
1.26164
0.562404
4.20876
14.6305
9.4252
0.714465
1.10633
0.0128475
5.41442
1.43524
14.0925
10.2041
17.1206
3.67102
13.8447
17.3885
2.25699
2.18645
0.24147
0.264996
1.36612
13.6972
0.454894
0.475369
0.908702
2.24725
16.1076
2.16323
11.6769
8.08218
5.09184
3.95622
0.634417
0.0277201
13.8484
0.69108
6.48992
0.917493
0.108761
1.18873
0.0791316
0.0920205
4.56439
0.652343
21.3245
0.796484
0.191038
0.361539
0.00303952
4.13009
20.0827
1.19235
20.8224
1.17228
18.5868
5.35109
0.536389
0.160188
23.8861
14.0469
10.228
16.8
24.0415
0.182742
7.70047
0.000539543
0.818484
0.498003
0.316371
0.143181
0.629669
1.0892
0.843124
0.0629887
3.88549
0.294985
2.13746
23.8028
14.9666
1.86034
18.0219
25.8213
16.6162
3.70074
6.38564
1.51085
11.0636
1.98031
28.4399
0.167492
2.68417
4.17919
0.107877
0.33778
0.943688
17.0696
0.917512
21.2176
28.0421
2.18744
20.3891
2.30193
31.2069
18.8112
0.265115
27.0895
2.36938
0.280679
4.80143
3.81829
10.0752
0.23853
0.0288957
5.38813
13.9782
2.84388
0.193969
0.0825337
13.9477
34.7953
12.4704
2.35277
0.0583617
2.70438
1.85962
0.277413
3.74332
4.66039
6.9611
0.157263
1.10282
10.8716
0.382201
0.165152
2.41287
6.27228
1.8178
16.717
0.255089
35.4128
0.248996
8.73308
0.0361933
29.9495
26.9732
0.889923
1.713
2.88957
2.0786
6.76939
37.0509
0.129207
2.99187
13.5899
4.44246
6.93277
0.127682
0.280355
0.531451
0.0574119
1.69793
0.0355023
5.5395
31.0691
1.86268
1.43001
2.07059
3.4413
28.342
0.0307547
3.54065
24.7292
12.0902
1.58796
36.8355
1.08125
5.16188
0.386988
0.0228989
1.16721
28.3163
7.31908
21.7814
0.102083
0.846114
12.9978
0.00232348
0.0825113
0.109993
29.572
30.7459
6.27205
0.650138
0.194614
0.229474
45.2421
4.26681
26.7299
0.162101
0.197604
0.257442
1.37573
0.155341
0.252805
0.0027555
0.21143
0.455274
0.0274183
13.7728
2.20434
3.86951
22.0093
8.62071
11.5541
14.145
0.424032
0.286976
46.9089
11.5493
6.49813
15.7867
0.123227
0.0143999
0.402136
0.261927
18.2113
27.8114
2.54114
0.000723236
3.9096
0.0316963
0.215392
41.1008
2.29991
7.44223
0.48362
0.97018
21.4175
2.77705
52.8277
12.0416
1.14463
1.48784
29.3849
0.437352
16.7643
0.0746961
0.0249607
1.47996
0.29666
1.0364
0.52768
1.42534
17.9374
11.3945
3.59063
13.1313
39.3343
1.26725
2.0688
5.0167
29.2575
0.582082
0.418306
0.561057
0.177962
41.4852
20.3914
2.08
0.126545
45.1568
1.79705
0.0316352
0.000888407
5.99588
1.41936
0.0277078
8.51006
2.0986
0.343164
5.87141
0.112245
14.1528
0.205078
0.115924
3.26518
21.0487
17.2647
1.5481
0.694538
0.0322546
0.152185
0.0148667
4.52395
17.2321
0.381675
4.0056
0.357303
41.0781
1.6882
0.0126896
10.9112
19.468
1.48415
1.6575
7.08473
1.0388
0.527215
6.41735
1.54269
13.7547
0.00428391
2.29721
37.0114
1.59118
0.827871
1.00627
0.101142
8.50258
8.62359
8.9535
0.846578
10.0158
0.0558836
0.698767
0.0341423
15.6966
5.55327
7.50454
2.23229
1.62884
74.3683
2.30788
0.351406
36.7076
0.506702
0.00422964
0.137949
8.37937
11.8941
24.415
0.184372
24.4468
5.57738
73.7779
16.8426
0.735098
1.03008
0.772423
0.0310966
0.23099
0.92289
0.284277
4.46235
0.292573
1.20544
0.827246
6.46383
78.4294
1.717
10.3376
5.17318
7.8027
0.100523
69.5961
2.87836
0.945489
0.0867529
0.120781
2.70746
0.207106
5.59027
0.565435
13.2684
0.004289
4.15363
18.8045
0.10565
0.00210569
1.50958
2.49475
0.0389065
0.00164477
54.523
3.26443
0.385133
0.914437
0.00182961
78.6132
0.563919
38.6379
12.5558
0.227474
0.420298
0.572721
33.3066
0.201867
1.15974
1.08392
0.659317
44.2308
0.34615
13.6413
1.37076
2.53375
10.3069
25.043
3.26975
1.88299
0.381052
0.0422781
24.1277
49.9903
0.386845
36.1648
0.0538449
0.0144329
15.5155
19.3311
6.28222
4.49551
1.03057
0.335057
9.17744
5.6364
8.45702
6.09606
0.0579227
83.5813
1.25475
44.1237
0.737098
0.784673
0.114923
10.0197
2.36877
0.410742
1.66573
21.0087
0.670924
8.26187
0.701099
1.27992
0.0237579
0.826148
14.4853
0.781662
0.461394
14.8089
0.115059
4.15901
0.110699
5.87676
2.10934
0.233628
4.58953
30.7691
9.57946
5.46019
2.66462
12.3299
41.6003
7.36979
0.286637
5.60565
0.20031
0.725244
0.00319511
0.0105502
71.7643
7.99473
7.78441
11.8136
0.157219
11.6322
0.00194309
3.24317
12.9385
0.090801
4.23567
0.0570397
0.00148596
1.23129
2.12926
19.1928
3.36237
4.68799
6.4508
8.5639
17.3116
6.01
0.156256
76.6646
0.973539
1.45889
56.4435
6.15447
1.73313
4.87784
0.445897
26.5596
12.7245
0.017591
42.2443
0.68992
0.224869
25.0543
15.2083
0.793263
23.516
16.5405
0.275835
100.188
3.76649
0.466666
1.40195
27.973
0.867417
0.777816
1.08821
1.15477
26.0419
0.686775
0.180928
16.5176
2.47115
4.61763
84.5601
1.71005
0.0442217
0.0525876
4.9724
0.44599
7.13485
10.8994
3.94498
0.673889
1.23153
0.237336
2.75039
3.16654
68.2372
0.244182
0.0190206
4.17135
0.720549
0.508451
5.79297
9.25181
10.0578
0.0587784
12.042
1.56111
32.5957
0.480779
0.154613
0.339336
4.63607
2.64316
0.00436718
1.53415
12.0812
0.337473
53.4176
0.215988
9.10685
0.608056
1.73582
4.83532
0.0692632
0.0118936
0.186085
0.716066
0.325963
31.6912
0.0250043
0.712161
0.641204
0.445879
0.00402493
0.8212
1.86349
0.703548
0.00293406
0.0482629
0.952024
87.6609
4.86818
0.578167
0.279378
0.0745169
19.6624
6.0738
96.8043
5.27888
0.141572
2.85016
0.120365
62.0475
46.7473
0.0408821
1.44969
98.322
0.403031
0.717606
1.50895
0.0069451
0.105879
16.4048
2.3773
0.369169
4.61892
35.2577
0.0142729
5.10619
0.990859
0.0385786
0.181655
33.9974
1.53452
15.338
3.30025
0.576864
0.186836
1.67268
0.39493
9.49247
2.24502
62.0893
0.535861
3.29833
14.0924
3.22434
2.92922
4.50504
5.72003
8.47319
0.0997255
0.111271
0.499836
3.28389
67.4132
7.47084
1.4014
45.6524
4.65006
0.0506461
1.15641
1.9454
3.12122
27.2344
0.619395
2.75393
37.3523
0.285608
30.1276
16.8888
0.420233
2.83502
0.0310002
0.00169648
4.46094
16.4518
30.3
0.234801
0.0734449
0.170937
3.15648
4.55078
0.50491
10.2102
20.185
0.303484
15.5484
0.490101
2.54717
0.0105325
1.17905
30.3864
0.233781
19.6574
0.244863
0.977307
1.60198
0.570201
7.69705
4.70037
0.12486
3.43225
34.1027
2.17849
25.8616
0.291707
0.00825501
1.269
16.0207
0.391122
6.18382
0.0995376
1.04101
1.17944
14.0694
1.55047
3.98585
0.22423
1.08775
1.68133
0.0201529
0.131241
0.00135294
2.27945
27.3037
1.64321
16.9752
1.75726
7.35328
39.1875
60.4942
3.65536
9.31848
1.87664
2.15772
20.8657
3.45976
2.80095
0.802538
20.9247
0.826181
4.64612
0.102103
0.0510108
48.1945
2.35553
0.151252
20.9876
14.763
0.272608
0.0889473
6.04863
0.498716
51.2497
3.77697
0.483304
31.9441
5.92711
0.456092
35.6332
1.58796
0.805103
6.39889
0.928169
1.8108
1.59627
1.14142
93.2492
0.813816
1.20982
7.12903
0.195495
0.319798
2.98276
2.21546
43.7
3.65684
0.00419248
4.14148
0.884075
0.161766
0.649022
0.576499
0.243005
2.65763
11.9646
0.00201383
0.249371
4.66135
0.161768
0.0302776
3.03543
1.57089
1.69115
0.248626
34.398
26.2003
11.1989
0.392482
1.00103
57.5225
47.7695
0.297813
0.0709334
0.00898654
14.2716
2.34397
4.4335
3.40899
7.76994
14.977
1.1982
11.0009
63.6607
15.6664
0.0421686
15.0672
0.891501
0.257155
73.0452
2.19897
34.1771
0.0438593
0.134479
3.29179
1.53869
1.25678
0.00534506
0.11886
2.41725
3.19091
0.76556
1.78119
0.506742
6.94824
0.844831
0.567804
3.53531
0.704118
6.10458
45.3827
31.0813
3.07802
5.44671
0.0152034
0.0084774
14.7177
34.6261
43.9614
4.70318
5.97113
14.4319
0.00971439
0.0516209
1.37581
0.46201
3.36843
0.561856
3.75098
0.827572
0.0459813
0.0578988
0.0535304
0.00725039
3.19459
0.840887
7.92218
81.8453
2.63472
0.107369
11.7389
0.0853193
5.15464
7.15711
2.59994
0.340499
58.0704
0.296702
87.1742
0.10418
0.230597
0.109112
30.4744
1.02383
9.21925
1.00842
17.8262
6.16892
0.593328
7.45981
26.3641
0.187143
2.39512
7.61905
34.1252
0.996749
6.93467
3.85357
0.169282
0.116711
0.655434
0.0450361
2.16826
3.50376
21.2647
0.476008
0.0117554
0.268362
6.26999
8.93966
0.0396239
3.37798
0.334853
34.0185
3.83342
10.4857
30.1024
0.169834
19.0877
0.824901
0.406365
30.9259
0.321644
0.89746
148.866
3.81428
3.87406
24.833
151.038
0.766826
4.34176
84.6728
0.971898
142.599
3.67083
0.376497
1.41568
34.0364
0.107737
84.4257
16.7408
1.22358
7.53056
0.0909053
1.6234
0.867854
0.831836
0.232656
1.59252
6.90025
4.03485
14.2813
2.51298
45.4777
0.633057
7.59301
0.0235784
1.57757
0.0529933
32.1575
1.16259
2.97749
0.173245
0.361307
30.2342
1.70714
0.0714635
0.96047
5.30125
5.08768
0.266182
0.00766207
64.8491
1.5703
66.6891
2.16243
0.00632571
0.465184
6.18546
84.1354
0.693186
6.32192
1.23221
8.28388
9.66713
0.147201
0.0275013
1.51287
0.210657
1.49535
1.74402
0.411242
14.8085
11.25
25.5812
0.318675
51.4929
43.0646
22.4874
0.292857
6.81382
9.08511
31.5087
66.5168
1.11611
8.13698
0.00708532
3.16431
0.618022
30.6213
131.968
192.556
3.67114
1.22199
0.835322
6.32771
3.60867
2.0785
5.09352
0.540936
115.241
1.06621
83.7221
9.05526
134.617
0.393217
0.00362806
4.61521
0.0529279
36.0663
5.55
0.2322
3.48104
4.11338
4.79168
0.19986
72.0842
1.6565
2.60666
0.229274
0.719981
4.49578
0.573922
0.546316
0.884478
0.638305
0.45274
73.375
0.353913
4.91284
0.478576
0.0812228
1.18441
3.38999
4.47055
0.126944
21.523
0.0919776
3.82299
1.08339
5.03498
0.515644
15.5443
0.0133871
0.125347
1.40838
16.0096
6.66982
0.15288
13.4989
19.3522
1.86335
44.5532
0.687725
8.28796
11.8425
0.0892527
64.6498
2.42555
1.79674
4.17974
0.0397864
81.4736
1.10752
8.56203
29.8118
45.5957
1.21753
6.64775
58.7454
0.654203
0.0144248
2.37852
15.7268
0.435819
0.328726
0.768769
2.84696
0.683688
0.269262
0.355159
4.52614
2.8787
0.0160433
2.58116
0.459467
0.251954
1.12673
5.31824
0.0551493
0.53149
0.00975059
0.362555
8.36263
36.533
49.6767
0.294045
36.5192
0.572509
1.22677
0.041156
0.340805
0.334375
82.6461
9.57274
0.376941
3.74316
0.10905
0.736556
0.291649
87.4276
0.630478
20.7948
1.61127
5.23415
0.448326
0.100311
4.28261
101.827
0.964249
1.5075
2.55422
0.514914
0.574475
0.0186037
5.82479
0.387385
0.000713644
0.0235581
0.0794558
0.491295
2.69566
1.67944
0.284203
26.3305
22.7577
7.3041
0.538126
10.9345
0.00278726
0.18136
6.8593
12.0801
12.1697
0.699457
25.4757
27.8962
9.59153
16.8073
2.48766
1.27306
7.90572
0.0769615
1.54846
27.037
76.6648
10.7548
6.73592
4.9979
2.6018
0.19015
2.15564
6.83676
13.8285
10.9536
0.209519
0.00320942
0.451592
0.414027
0.0131616
4.86796
5.4082
4.9053
9.68202
0.687861
1.18647
2.51635
8.90655
0.89483
0.0727784
0.00392925
0.855248
0.965156
37.3564
19.3403
84.0843
11.1606
1.23004
3.66162
0.256855
0.0271095
66.5817
1.58377
0.891337
2.41023
0.0172326
0.0414206
0.102214
0.747561
10.7522
4.6876
93.3016
13.7713
2.65648
3.04483
0.340226
2.32332
0.00827911
1.36716
11.0769
2.09599
0.950669
0.786248
50.2176
163.131
0.985857
0.0823223
0.00370451
4.75472
20.2271
108.291
3.01103
91.8216
0.045268
21.2796
2.97046
0.466099
4.38739
0.059453
6.49955
3.5119
0.32538
0.366126
0.0240521
0.458035
0.0535302
2.28563
0.789086
3.47942
0.0372807
4.66252
2.05395
0.754319
0.479344
6.2106
20.8444
1.9263
0.488378
0.181677
0.580622
3.8858
0.0181027
7.48962
37.111
2.36047
1.60924
3.32483
46.6298
24.2943
0.378668
0.329733
0.0490456
42.4048
1.07225
0.402682
24.0805
0.129598
0.402967
0.501442
0.0569904
1.1261
7.88119
0.715179
3.57897
0.706058
28.6087
3.51613
44.1615
15.728
1.70262
15.3027
0.274212
0.00930319
9.62854
2.86878
0.75235
0.662702
0.0449314
0.884713
0.182698
0.725739
24.4682
3.42176
0.0205405
1.31288
1.70784
2.15935
70.5735
76.8798
3.50667
38.0614
4.15891
7.82816
0.104281
3.14588
0.0729404
1.09342
1.80991
0.940031
25.6621
6.92166
3.02636
0.0386366
3.04747
6.23653
3.28803
40.0336
17.8619
53.4111
21.0003
100.873
6.25145
2.84861
0.0644129
0.00902126
60.4564
22.184
0.999117
0.00472981
1.48738
1.67648
0.881535
26.4429
85.5754
2.97793
2.03611
4.49796
6.67676
1.20507
8.15613
1.97188
0.800504
6.01906
7.21251
10.5989
1.1432
1.78917
0.0485602
3.06864
2.05276
0.856448
4.23905
0.367813
0.0227112
0.0935036
53.2463
7.18879
2.89284
0.975072
2.9622
0.029305
14.4643
0.43855
0.327888
0.0159559
0.841551
0.00258226
7.25472
17.0355
0.771368
4.71847
0.679653
8.46345
7.13014
1.69912
4.09777
4.86491
26.4536
13.8757
0.388543
1.89166
16.6199
0.0806121
64.6256
2.47688
20.2971
7.36641
0.00494071
0.260149
0.203272
0.0127612
3.61751
45.6382
0.957568
1.73714
3.68559
0.00765026
0.508775
5.96455
66.6695
8.85417
3.26894
0.635003
0.261058
0.0273105
57.9673
290.441
0.501456
9.84264
1.33753
1.62806
0.0585502
0.079919
6.01587
0.294064
12.61
61.3365
0.0867009
1.4751
3.35823
0.070893
0.0700061
0.665565
0.0755975
0.45549
8.93603
4.80461
2.00153
174.139
0.668821
0.091986
3.10846
0.159933
43.5984
0.298099
14.1073
0.0556461
1.69718
29.1123
0.326627
0.329894
3.68692
3.47096
7.02943
0.18433
3.58873
0.403536
0.188922
1.81439
0.367148
0.0712076
27.698
0.300793
1.85254
23.6147
0.00152802
1.9738
0.0224125
0.997668
19.1346
9.46155
41.4727
20.1125
2.84493
2.10249
2.1521
2.69792
10.6379
128.103
12.702
0.353466
1.19385
0.213941
0.293566
0.717248
0.8516
1.96664
3.34447
0.184289
0.0031068
10.5662
1.22638
0.702478
7.22228
0.391122
19.7011
1.28818
0.12664
0.0112366
18.7873
1.24023
6.38
0.307373
12.5815
5.24438
0.0030163
22.4637
13.5874
0.724615
0.0104308
27.2532
0.55398
0.374947
4.35849
17.7873
0.313394
13.6191
1.06836
5.12747
0.0128772
1.63239
23.2588
19.2888
2.21576
1.53378
14.1013
0.135248
14.8604
11.2185
39.6062
75.3809
0.851995
0.0526674
0.925558
0.358957
1.49425
18.5056
0.46625
3.51678
6.41566
6.47236
0.0356809
2.74471
13.0431
96.5795
4.74008
18.183
0.00371697
1.97601
11.5613
0.504409
0.13226
4.71471
36.1293
6.96413
17.9076
61.2494
0.37405
9.88263
0.318374
0.510202
98.3929
1.02781
1.92936
180.294
17.7914
0.63
12.5885
39.1426
0.0844602
3.83376
3.13365
0.183288
297.335
0.473065
0.741204
0.00641948
0.681847
9.55998
0.447855
2.80739
6.06657
8.65447
0.108973
10.1167
31.4178
4.16695
0.233173
0.0115842
0.367654
15.8179
28.0918
1.55042
3.7925
0.0522987
0.0977213
7.84665
0.795795
38.3152
0.233757
198.656
1.14844
1.37438
3.10909
14.7702
7.95359
6.05481
24.3921
1.86304
4.18488
3.01689
3.40704
0.0447226
1.3195
7.80137
4.29888
3.09292
0.757857
11.4357
0.0375816
7.16328
0.04783
1.56762
3.41623
21.5155
2.22023
11.898
7.5739
8.74777
1.43852
14.5146
66.5227
1.00196
7.24544
6.4226
28.9595
10.6194
4.67062
0.372204
0.730429
33.5966
19.0208
37.8862
0.117185
0.549046
0.0873227
1.1502
114.251
12.2397
80.548
1.2928
2.21784
6.84969
0.536754
35.7205
0.712672
55.3228
0.00677986
2.46575
8.53809
9.9457
0.74091
3.25486
0.820071
2.70673
1.68638
1.51414
2.86909
7.49863
1.84202
0.0261333
3.63869
0.0789939
5.22003
0.191772
3.94028
9.83715
0.451738
16.7961
1.2816
17.0012
1.6868
0.973219
0.52817
0.277744
42.3845
0.227216
0.312629
0.0178891
47.1315
0.495968
1.78731
35.5199
34.1677
34.473
0.030728
0.618244
37.3739
33.8189
48.9698
17.8099
0.490019
0.0098542
63.7803
19.6974
3.79669
1.47068
23.0796
7.47303
0.00774303
33.7579
13.4836
107.096
6.87273
0.452641
4.9432
33.2153
60.9753
0.406072
0.0249633
26.2143
0.353699
0.00174654
0.0985598
0.373725
22.1762
2.70656
4.75843
29.3953
6.35331
2.47782
0.191365
0.0390736
0.106615
1.86129
0.795709
0.611641
1.98568
21.2671
2.32658
0.0108633
0.265771
0.218504
2.51184
1.35946
0.257431
21.6265
61.815
11.6155
5.1223
15.5266
1.71328
0.243524
0.167099
41.7133
14.7293
0.225925
15.4494
0.127146
1.41486
4.31653
24.8779
1.05434
3.18052
4.15345
0.879627
124.343
1.20432
0.471597
1.21576
0.0148123
0.0964886
0.0394603
0.116108
0.698939
4.09711
4.40406
3.75003
0.365639
0.0298101
0.0101979
4.28329
0.0246437
0.127136
0.0018173
0.2305
0.481619
0.375003
0.708595
6.56608
0.17371
1.00205
2.10589
0.994569
3.94223
9.00014
15.0591
10.8057
2.07162
0.582187
33.4877
113.115
97.7105
5.80395
0.0465146
3.48564
0.0629518
174.33
14.1633
21.6291
20.9091
2.59475
1.10315
60.6383
20.3477
0.18186
0.175816
22.6403
0.073329
4.03862
15.0339
4.35066
1.34498
0.396309
57.9959
1.18718
5.55404
0.408414
12.6066
1.12546
0.671549
0.0684884
0.631856
1.54771
0.495808
0.0458249
0.0500884
0.292265
1.68545
4.98408
48.0291
2.36893
3.39375
29.2099
2.16742
0.0264214
7.29261
0.0472937
0.162546
0.441756
7.53208
48.4049
3.96847
1.27776
0.124425
70.1654
7.66569
6.10421
4.9325
2.6934
8.07066
0.367416
0.0820059
0.241306
0.490997
6.35175
234.133
1.37035
0.309493
2.34713
0.48958
2.65437
4.73112
92.4375
1.52669
5.53497
0.222202
18.0031
0.00515382
6.62983
5.62731
0.574316
0.0769945
0.054564
1.20568
0.00324962
11.0475
0.57952
0.0835133
3.93619
12.128
0.127354
0.919387
53.6566
0.0250235
0.495433
7.79411
0.799564
4.00852
19.3458
0.81049
0.0187376
0.304219
2.65325
1.35192
6.85887
2.09473
4.10179
0.119472
1.30572
2.28822
0.000940918
0.965216
0.221856
0.544523
6.57929
14.7142
10.5094
3.64521
1.16086
4.37638
2.5322
33.4424
2.67269
106.958
0.315546
13.4297
6.87314
1.13112
0.120102
3.47326
2.37807
0.878603
0.314565
0.410681
3.57284
21.9234
19.2956
0.370343
0.914916
3.17015
2.23279
0.00224103
9.54538
3.99573
34.0406
0.273726
0.510414
9.17928
1.63069
3.55976
64.0989
6.86231
0.826018
2.98935
1.16915
0.244596
11.1781
0.00633282
2.46718
22.9438
24.4145
6.45953
0.05729
0.25111
0.911584
2.12223
0.0570881
2.74315
1.84431
7.56463
0.788716
0.414922
1.03221
0.720893
1.90129
0.108154
0.0665586
1.38525
13.5238
0.601273
0.261463
3.22849
0.635465
0.090174
1.04165
0.311195
16.8334
1.52061
3.31133
1.57638
13.0626
29.0947
87.199
38.5858
0.0396347
36.0111
3.09284
3.72386
5.50772
0.0407609
3.89642
2.85768
50.316
13.5762
11.0381
2.71778
26.0554
7.74512
12.6005
0.466413
29.2268
0.248491
1.52894
0.635004
0.0174056
0.829009
2.89089
0.745085
0.0482471
2.93016
0.32507
2.01506
3.84975
44.731
1.29124
0.0330399
2.45647
0.591339
7.39352
1.79501
1.05075
3.17566
25.7058
2.98705
1.10265
3.23048
9.29911
43.739
29.0367
1.13705
0.031129
105.43
0.372936
0.869334
31.8382
3.02592
15.1161
4.94087
0.300203
3.72272
3.05853
14.3014
2.04767
6.39111
0.804331
42.4009
0.385182
0.0335859
9.5852
0.164136
0.491914
34.6761
10.6592
5.80812
0.115326
0.866575
0.0664209
2.76812
1.04314
2.23378
0.0515801
0.777511
0.0763308
0.148644
0.00506257
0.425863
30.0182
93.9152
174.882
71.6256
19.823
5.27049
0.00402988
24.6193
0.94278
2.05502
32.6414
0.0356963
0.314974
0.259211
41.1558
4.50453
17.4875
0.547316
2.13625
0.548487
1.44309
1.13567
2.99142
2.75386
0.0846948
0.149502
1.97047
15.7213
0.920632
13.4748
15.2689
8.42374
12.9871
1.05809
20.1176
1.15629
30.3357
0.168633
0.0823989
0.162082
0.0334158
4.92925
7.59986
2.90526
13.6953
2.25789
25.9772
4.33412
0.613416
4.3395
3.32818
0.687904
31.8989
1.24066
2.84345
0.457333
0.0101615
0.337006
0.517494
3.92566
1.7379
28.8299
4.23875
0.756893
0.345665
0.110397
1.38472
69.1967
3.32646
14.4226
2.87085
5.92767
0.388648
0.414201
29.3529
0.553393
0.00324024
28.1758
43.9102
3.13148
0.101717
56.9971
4.83386
7.43141
57.1628
9.00977
3.6391
2.83708
12.7587
2.56463
0.414163
0.445669
0.0721344
0.072782
6.49714
3.73158
1.22878
4.30537
3.23013
3.18426
0.215793
4.77746
0.0194655
0.467039
33.9957
21.6574
12.829
0.284105
0.666954
0.228184
0.0136912
0.826009
0.0326624
0.233114
0.0198022
7.62625
0.332577
2.19153
1.96668
1.13783
4.56744
0.393123
8.20512
0.279506
6.61474
0.681915
1.01908
86.475
0.987788
0.0423753
9.79688
0.138575
7.95246
0.722232
1.02327
1.16329
0.549183
4.01413
4.84959
9.6879
58.1229
4.48883
0.136909
0.0941604
13.2235
0.0900199
0.0120446
3.44239
1.29244
16.5961
101.398
4.40621
0.137608
32.3433
4.1481
0.527691
0.00202416
28.8512
0.00438035
83.8102
2.65347
0.347013
0.471158
0.380215
1.00981
35.42
5.16842
1.56823
42.8799
0.00238189
7.07259
36.2276
13.5474
0.517313
27.4568
2.22427
1.75188
0.252124
3.82829
4.11245
1.17634
0.187159
2.99022
0.718941
0.0228565
2.38638
12.7307
2.33954
72.7688
0.685691
50.2372
9.21031
2.48108
0.668159
1.87467
2.12039
0.396602
0.318296
0.0516741
1.05067
0.379098
0.637536
2.93654
38.9247
168.546
47.0036
40.4146
0.220118
0.0867511
0.00605242
89.6415
0.269206
4.03892
0.00322404
3.88286
0.286727
5.34536
91.7408
6.65809
1.66771
0.0281946
202.065
24.8294
76.4687
49.3318
0.282174
11.2105
9.71276
139.798
1.04431
3.50133
0.626556
41.9718
0.212507
0.263553
6.17441
2.98337
0.307428
13.5705
2.53232
0.163821
103.96
1.09784
0.0141364
4.75825
2.6648
12.8897
17.0713
0.757241
2.4871
3.69624
3.3914
1.26415
11.2717
0.252289
0.428089
0.431582
23.0257
5.3981
1.09418
3.04898
0.992594
4.83361
0.0543014
8.93694
0.540102
38.693
4.48511
0.609045
5.01502
41.3676
0.404735
66.5485
3.10575
6.3731
5.94178
1.74226
9.07777
12.7519
1.31813
5.81523
1.9408
36.6245
1.68203
20.1472
8.23252
18.2592
0.0446096
0.458519
9.85821
1.52612
0.0574115
20.7563
3.08467
3.08215
2.83364
5.0089
0.0959621
3.99448
15.1211
0.239043
0.403578
0.72446
0.0290974
0.0164428
13.8677
0.510605
0.165022
0.392205
0.186921
11.4263
0.975304
1.33878
0.0309179
22.6115
5.40801
65.3115
8.55727
39.2934
1.72369
2.96451
0.0461044
3.87967
0.124947
0.00320587
6.58536
0.94069
1.12283
249.236
41.8019
0.617864
0.834236
47.384
8.00098
0.391153
0.0398204
0.375381
4.00706
2.44927
0.540535
0.17848
4.84938
10.0444
0.0651819
0.428374
10.4144
1.013
0.780397
0.027868
43.2446
0.48349
0.972962
0.70876
0.0599979
0.560484
8.85624
4.12419
1.71015
5.83594
34.5484
2.9724
6.20222
0.379245
0.082063
0.0066923
0.666867
0.571669
144.416
0.621669
0.335782
11.8239
2.97479
6.47523
33.496
15.5816
0.0120836
32.1763
6.21342
429.577
0.169086
0.0496973
1.1441
0.0990086
0.051116
4.39127
0.0244034
1.31317
0.133959
2.78162
0.88279
0.259041
0.126287
0.550645
0.445911
13.5009
11.9067
11.4395
5.10881
86.1731
0.0523304
4.00488
1.57007
3.75277
2.96004
0.869177
0.99175
0.0661202
0.245603
16.3402
18.5498
2.69653
0.64077
1.34115
0.0714397
0.186306
0.129793
0.787126
6.91062
0.0495787
2.93424
29.1327
12.633
7.0293
1.64788
0.0467319
0.779585
0.319363
0.439748
3.35352
74.6365
98.3454
19.0969
2.50485
218.286
3.15571
28.0055
0.254342
0.0117292
2.41649
3.96262
9.72624
0.0490169
7.89534
0.00500112
0.265259
5.5216
0.711225
1.11604
0.284897
3.35545
33.0656
57.9157
147.577
5.63683
56.8017
7.21352
299.087
15.5881
3.50548
0.027442
2.14676
2.85795
0.351442
12.6292
0.310134
25.8043
9.18536
16.6001
1.76598
62.5186
7.03714
0.259956
0.472727
1.69531
19.3048
0.740077
1.28734
15.4038
10.5431
20.9858
9.24864
3.4216
0.0554083
0.0313514
0.00626724
3.59861
15.5877
0.3558
0.048405
0.835427
0.299329
3.34763
0.324123
0.624508
4.38967
2.07318
5.06789
0.308707
5.06012
232.509
7.47067
29.3407
6.43547
1.77719
11.4672
0.0836384
0.321016
0.481255
3.79173
0.221537
13.8766
45.7463
21.3478
0.718087
0.135499
1.22398
6.6898
11.7906
1.8222
0.51339
0.259231
0.533009
48.2637
2.12238
3.09904
2.51444
0.0491133
10.8292
4.65175
8.03605
0.0563693
29.1783
12.1269
40.0166
0.897425
180.317
0.815833
9.41239
0.347441
1.14658
4.72047
1.64408
0.946166
4.32729
25.0812
0.260544
0.00706388
0.0263612
2.23635
1.25182
9.01101
0.743457
0.31032
2.64966
2.10944
0.308854
0.44929
0.451947
9.4635
7.12287
1.41459
0.055888
1.84024
4.33365
4.50489
0.0152453
1.65982
0.127729
0.0246943
0.00888613
0.00177871
27.7798
1.48017
1.05275
2.93483
26.9541
0.986973
1.08862
0.0569912
530.176
1.277
0.16472
38.141
5.03748
0.984505
231.919
64.2199
19.1367
6.64809
0.183224
0.0130729
13.7709
1.05237
0.231963
24.1513
1.14355
7.96269
0.471705
76.367
6.60876
19.0342
11.3214
0.794605
0.171358
2.37155
1.09807
2.5644
10.4353
0.0803153
2.39799
1.90743
0.157544
0.795877
0.201535
54.0878
3.93959
1.92374
0.00145638
18.8561
24.1803
23.1218
1.63709
0.00501708
103.855
0.475575
6.09132
5.53982
2.38219
3.21081
68.4706
1.05256
0.473706
1.53369
2.54708
40.2225
8.81225
0.0392526
1.99615
9.01972
0.730076
5.09924
12.0127
0.443468
3.15048
7.2008
0.740048
1.46032
35.3467
0.81365
0.211629
0.451586
0.0145982
41.1424
17.9951
0.123044
0.365257
11.0225
0.548748
14.0894
27.3879
0.821514
0.567219
0.408219
0.681657
1.95243
3.43808
46.3722
4.49572
6.76121
5.26136
34.1538
10.1614
119.45
0.793717
3.57633
10.1833
13.0901
8.83039
0.52696
7.30936
1.26147
0.198165
20.3785
5.68219
5.02543
35.6585
3.41103
4.5643
0.0355204
0.914263
7.11742
5.0201
10.5193
2.0306
0.659414
52.1764
46.3088
51.2243
57.5454
6.85671
4.56878
7.06701
0.053864
7.52312
31.0454
0.326851
8.25679
110.068
0.96134
1.13966
12.1479
112.357
1.45638
1.43207
0.145668
0.108042
4.12865
21.009
0.246734
16.3693
21.163
3.20994
0.337163
55.98
2.35725
2.51218
2.78781
19.3427
3.40816
1.02145
5.0177
0.0699411
5.23831
0.205859
1.46691
16.7488
8.84995
1.30204
24.9598
0.193377
3.1788
71.0919
0.796448
0.385074
0.0140906
2.23112
0.0224402
22.8725
1.29113
0.026001
78.3048
69.2691
1.02566
3.73014
0.00122784
1.14892
108.658
27.1527
5.87278
13.339
6.18413
0.378873
0.0327251
2.44937
1.85802
0.391813
2.01048
0.0515894
0.259074
1.27644
0.96853
1.35534
2.54569
2.40811
1.09609
0.164638
7.36047
57.9777
0.260456
41.89
0.648476
2.60727
0.0682272
0.157603
0.907538
3.83865
0.209291
2.83756
1.04532
0.0239078
1.34199
0.350648
1.35795
0.0890736
27.4386
0.00304856
0.778291
0.072148
0.426226
0.0120695
7.55231
0.433338
1.82684
57.1818
90.5932
0.643646
16.2032
10.5272
1.55751
1.01969
6.94362
0.444372
3.7887
1.51414
3.67199
20.6288
0.191321
12.6471
10.77
0.827724
1.13191
0.0207009
0.595942
6.85627
235.243
1.32477
0.0487027
60.0774
1.14231
3.45548
0.0312104
14.2135
4.84667
25.1766
0.118448
42.2222
87.0554
8.4493
4.04327
0.727719
0.00572619
0.364441
0.480551
2.25182
73.8594
37.8045
0.206937
4.90727
0.70971
0.702291
3.24494
1.49642
0.421565
1.08758
0.0883046
10.0113
0.589829
57.4964
29.1679
11.1198
0.193597
6.34224
0.194129
0.0698581
3.55221
0.00184165
0.182906
0.410465
0.698063
31.3471
0.898784
0.0145603
3.29938
0.0334925
3.70228
59.7268
9.83646
0.544611
0.431643
61.1284
33.1132
0.524492
35.7482
0.168293
12.3331
0.572484
1.82916
0.519383
3.89572
29.9534
7.99437
21.8852
1.61258
22.8661
5.1312
14.9511
1.6716
25.4566
0.57125
2.98821
3.75939
0.326917
0.157893
4.61061
9.46113
0.025626
0.0534119
0.720595
31.9719
0.635506
0.456322
0.637195
3.58482
6.27307
11.5681
11.8359
4.18517
0.0535036
1.67072
10.1173
0.133647
11.8342
7.88072
27.2056
0.307434
0.359725
0.610795
0.0632125
0.71378
13.2501
3.30747
17.5567
118.697
15.8566
1.8134
0.015829
0.237799
19.837
0.19874
12.3661
0.100111
0.468697
27.613
4.63005
61.6521
42.5212
4.30353
0.0502932
0.139769
56.9901
0.824991
99.2709
7.83625
3.75532
1.11258
3.7216
0.533269
3.60879
0.0626507
1.14325
0.31506
28.366
0.283282
0.0451993
2.03856
0.383172
34.9552
1.0166
0.290294
0.0598538
11.8333
0.955827
26.3577
19.345
0.652104
9.42476
33.1455
4.98646
50.868
1.3048
10.8334
30.483
6.86183
0.0890916
6.0688
78.2657
1.30824
0.00206059
102.382
1.14181
108.194
0.615989
1.18553
2.16424
4.25363
0.766821
12.2838
0.499398
11.2876
0.403244
0.121199
0.172651
10.4297
41.1508
2.27454
5.78836
0.0229051
9.56536
0.098013
0.53216
2.00644
28.3632
0.122258
1.21377
20.8078
5.08959
0.181495
0.293235
15.332
3.61686
2.69549
0.615833
6.29184
3.39911
0.440675
20.4814
0.590388
0.439631
178.09
14.5705
2.42909
2.75254
5.41123
3.21915
4.80935
116.782
1.0544
13.2813
17.3666
1.48993
16.9612
0.18154
263.557
18.4978
13.5258
0.0885638
66.5032
31.4869
0.00508644
0.255527
17.1989
0.0256766
0.192529
30.9072
0.648784
14.8063
8.83429
10.5648
0.311956
0.005453
0.480146
0.116207
5.78874
132.589
6.2275
4.70387
1.71256
52.1398
0.496696
1.19306
0.137128
24.1746
1.15354
54.2277
3.81869
25.7322
1.51923
0.220279
10.3016
13.422
0.355209
0.152028
1.93947
0.929505
0.143787
0.274639
6.16183
2.1196
0.110462
20.1806
5.07578
6.76506
0.871907
0.408425
2.66391
2.31435
0.00430724
1.0978
0.0706001
0.395624
1.81353
24.9256
0.374905
0.0502452
0.196596
17.3166
4.91698
4.12556
0.111355
6.33024
5.91467
0.915903
23.9552
40.928
2.56514
10.3573
2.18289
0.0235547
0.468809
28.1935
0.589104
17.0976
0.164083
0.371249
1.16053
9.56058
7.54206
1.3768
3.23529
7.76396
7.81781
1.12496
94.3196
3.39371
7.9691
0.970828
4.06125
14.89
0.588996
0.951787
0.325945
0.129449
0.374409
8.61406
2.57826
2.02618
34.3686
0.645838
0.781897
122.504
5.04181
7.51097
1.97879
3.24219
0.0324661
9.0627
1.18969
1.58336
292.497
4.31387
6.30711
2.26004
0.487872
6.45454
0.00962536
89.0752
0.181126
3.94565
12.5219
1.05802
0.443147
0.277211
85.9284
13.9448
8.46658
3.25811
4.24815
289.636
0.0248279
7.9527
0.785342
0.636352
1.11139
0.342328
1.67581
3.00908
0.280154
0.849218
0.123191
18.954
32.5789
56.8514
2.67374
0.124818
3.58311
0.164179
0.120707
0.358451
1.0518
38.974
0.329431
0.627966
0.575623
1.52061
0.948132
2.84953
1.03311
0.254538
0.856257
3.90506
71.5571
88.8039
4.42006
3.98829
18.8872
96.3751
37.4033
2.03486
16.9084
2.49647
0.0807009
0.0810035
0.953213
11.3791
2.62719
0.154364
0.86584
15.7227
0.290501
4.16454
17.2688
505.501
0.0651936
10.9562
0.0519843
1.88992
0.00563909
60.4461
4.10919
0.258181
0.866272
12.0738
357.605
11.8597
14.171
2.12617
3.39401
1.51163
12.0215
0.833201
22.413
1.19521
3.06193
0.0438716
0.399498
0.0792887
16.2775
48.475
1.31799
0.332164
0.119457
0.837969
0.239864
0.0979409
0.0185699
0.237371
0.0339389
5.1689
17.2962
0.0621395
4.36008
26.9552
4.46029
0.212821
0.145782
0.218399
0.152415
1.38919
0.0271473
29.893
0.37311
31.6151
12.5912
0.198598
12.6938
0.821166
0.180375
0.235143
0.123989
6.91986
0.123012
0.0375002
2.23615
2.58039
32.904
0.367379
5.09266
34.1336
2.69458
0.0185343
3.82074
0.640912
1.83561
72.0217
1.49742
4.74388
0.777368
2.09716
10.5511
11.1693
0.181645
146.375
18.4162
0.0255432
11.1553
5.49538
3.28015
87.5669
0.436893
0.0440446
21.3334
5.93508
0.417241
64.1394
2.9778
0.0786955
6.69286
65.6412
29.9385
42.0422
4.07612
2.83041
1.50061
11.5179
14.4404
4.00768
1.91783
1.16849
2.38242
0.222992
0.687575
13.0744
0.00137464
4.7503
3.82331
1.7991
2.57131
1.10718
3.05833
23.8648
32.0419
7.95796
0.075981
2.96331
0.0852456
71.3421
4.7285
15.3236
1.1041
6.59363
6.2291
0.759564
0.0869878
0.157557
1.43209
1.37854
12.4895
169.607
1.45943
0.312397
44.9673
1.5335
1.1325
81.1832
7.15334
3.54687
0.0403075
148.892
28.1873
63.2121
1.0975
0.581318
4.714
5.77062
0.618676
2.86934
54.963
0.389842
28.7592
2.39079
0.045511
0.0341367
3.31259
0.293411
0.0107204
17.2477
18.7286
10.4193
1.85807
2.01217
17.1156
7.4006
99.7707
0.390449
1.22297
1.95905
0.31562
0.0548707
1.528
1.27179
0.641056
2.66604
44.8599
8.62646
5.98352
13.1039
4.1672
0.275777
0.286876
0.862378
0.229424
2.02211
0.265694
0.494259
0.165583
0.413394
23.5271
106.654
1.0649
2.12545
0.582705
0.0101865
0.562155
2.25705
4.5548
4.30724
1.52183
4.37631
0.209889
35.6045
5.45615
9.81216
0.2787
0.0691647
4.94376
0.189761
3.07447
9.32614
6.53265
0.0576179
0.619879
2.4572
0.108694
2.82657
2.97568
34.6411
10.7653
0.0379225
21.3145
35.3813
0.427002
0.145907
32.1041
0.923961
49.4811
2.67525
27.8929
7.46726
0.037689
0.160935
72.9934
15.3995
0.234028
0.064078
0.218702
68.2491
24.9469
0.378482
0.0226164
1.91622
28.4076
4.5377
0.566427
0.0681534
0.0903526
0.188172
0.0224806
59.2538
59.6134
0.773622
7.64966
4.44013
8.10709
0.342475
1.96282
0.264052
0.0962158
0.248669
5.66103
0.594573
1.1142
0.0410592
0.1005
0.0194386
0.0420667
0.00858747
2.30769
34.6024
15.131
0.0689479
2.04392
1.60222
0.983594
1.64049
2.53115
39.4318
2.677
0.574105
4.00273
0.361479
0.637297
4.54666
1.28993
0.284199
12.5796
13.442
0.203466
0.244306
49.6691
5.0805
3.51714
0.20095
0.00170092
0.463568
6.98743
472.932
5.5061
16.9376
16.1506
79.7891
0.738405
16.7717
9.66976
25.6608
9.19702
0.588174
0.0628285
0.988092
1.09623
1.93701
5.03857
0.120068
0.610062
14.9348
0.0598538
113.801
60.1681
0.906328
50.5866
10.6571
2.97619
0.29216
0.24915
0.509371
0.108494
0.339707
15.9054
22.9626
3.92998
2.25271
0.0296153
0.122318
3.25115
3.45473
3.49876
15.4007
6.4368
0.317774
1.25979
0.51587
0.177479
1.14265
43.6268
1.0456
0.141942
1.94831
0.129544
13.6767
28.306
9.74324
0.110596
1.46776
0.0212282
25.6741
0.966901
0.441367
4.39916
4.39475
4.52676
1.62633
6.44849
1.12958
2.37536
0.433594
0.53469
1.69391
0.350903
3.33876
6.69375
1.54075
16.6952
3.4779
0.0830297
0.00337556
0.168756
1.23578
6.60329
88.0311
12.8749
20.3113
5.3304
3.12185
0.0983753
0.0734296
6.48539
60.1915
0.170116
0.849242
0.0378217
61.6506
51.5033
10.6148
2.41769
0.374729
96.924
0.638019
1.23564
1.82804
13.6601
39.2854
0.991827
1.60026
3.33236
0.655518
1.02358
8.85986
0.958918
4.83029
0.449905
5.85032
1.68552
26.9438
3.88737
0.0332817
0.393978
2.20275
8.90979
0.784211
0.0170627
2.63814
0.0150427
0.781076
6.2755
11.4021
7.4401
1.19333
0.0458638
0.168362
27.7311
0.645772
0.193253
14.267
155.776
5.00791
32.036
0.0321345
5.75976
1.45906
0.0369349
5.04517
0.0501452
3.07859
1.30298
0.502117
0.0154624
42.2875
0.0139126
2.29622
21.93
0.717907
0.220437
2.15337
9.13716
14.3259
2.45685
0.0385242
66.3375
3.0739
13.8217
144.8
1.7121
27.8922
0.109093
3.22187
57.7337
8.48961
14.0451
1.73708
0.697867
56.9842
21.1826
0.011765
0.0122684
88.6938
0.211556
149.92
154.517
3.38713
0.560454
0.33912
15.3585
0.132858
0.0635534
0.0633706
1.61947
103.373
8.47798
1.07561
0.185336
1.54582
14.8664
0.0173538
0.109268
0.0330882
0.0404325
0.904994
11.4679
1.24619
0.758672
1.61193
0.0129732
1.84302
9.37345
2.07318
0.111209
2.74985
0.0978812
0.472546
0.297627
0.0209743
0.472173
58.7267
10.2918
0.4671
6.8064
0.943658
0.0694903
13.346
9.07105
15.29
0.165992
10.9163
4.17791
0.796376
107.093
2.12521
0.521167
0.184935
7.21733
14.1178
2.29847
3.52795
891.695
1.57408
0.0844535
2.08323
6.9986
1.36313
9.96357
1.733
0.261196
25.4641
1.3395
85.6838
1.92077
0.733393
2.30002
0.209757
10.3203
0.0146663
1.56752
9.02229
4.9861
79.171
3.01898
1.75982
8.56532
7.85842
1.87712
0.510102
0.725547
1.56884
448.643
11.4848
0.489972
0.0686735
48.6656
109.217
2.57927
0.200329
1.05289
95.9769
28.1985
0.807217
7.82835
0.0467568
0.451247
13.5603
11.2657
9.08016
0.0645665
2.25382
0.0600015
0.420916
8.13815
47.4729
2.49269
0.76679
8.2521
15.5792
0.0116899
0.0298228
0.589549
0.102134
45.024
10.6402
9.56516
3.47752
1.35135
0.124781
0.0492183
19.9039
4.5362
5.35188
0.234527
0.464044
1.49692
6.12212
0.913267
1.62381
2.50503
1.06046
0.310869
16.4885
6.68455
93.2568
0.75373
3.99403
0.605075
0.822532
2.0561
4.57005
0.251265
12.5532
0.205271
2.38819
0.195313
26.6091
0.19096
69.9847
6.03517
17.8189
7.56365
31.1525
2.57975
6.59453
2.3811
0.054878
8.55927
14.026
5.06185
1.05894
1.02057
0.00776746
0.682231
0.0933575
0.588254
1.94111
0.031588
0.0888936
6.25713
0.119328
12.0346
44.8624
0.147476
25.6439
4.64829
0.151382
0.0687384
5.94959
0.338011
22.6729
0.536833
1.43726
72.4472
0.742064
35.7573
1.63467
0.263758
0.885905
0.912163
0.0642136
8.49467
0.0706254
2.69691
59.3973
3.56543
11.6884
0.00405617
0.112824
5.14119
10.4204
0.249953
31.4475
78.0602
5.60551
3.74363
0.0495671
1.26912
0.0555546
0.138564
7.67979
5.87109
0.153621
0.228575
13.0382
32.5734
9.29013
14.5534
6.19831
0.295736
8.58051
11.6576
76.9266
3.96219
2.38652
7.10156
0.0639558
0.314821
0.170396
7.49007
1.637
173.886
5.03321
0.208374
19.5653
5.85155
0.156532
0.0300312
0.00565903
1.49468
9.84456
0.700772
18.9548
7.06992
19.8759
6.02157
1.41044
1.20088
0.463089
1.58984
27.6956
63.3758
0.846409
26.0731
4.10725
0.177421
1.05611
0.312584
3.62001
0.178464
0.284831
0.014934
0.762268
1.98383
3.08151
0.566029
6.33997
3.53897
0.0346793
2.3775
58.0915
2.93471
0.376536
34.1669
1.98321
3.18422
0.0844863
7.45673
35.2232
0.0920862
0.149624
24.4397
10.2719
1.63476
4.01826
1.3291
0.40167
6.86964
2.01187
5.86231
1.01147
1.02424
7.52276
12.2735
0.25571
2.56846
11.3635
193.393
26.0988
0.50368
5.12212
0.291966
0.2947
1.21296
0.0719963
0.190054
0.985339
0.528932
0.00935015
4.26833
0.582096
5.39868
2.3646
4.70863
0.491163
0.234945
1.77922
28.3623
6.005
1.04578
1.36559
1.78889
7.1383
0.00609295
0.264244
30.0744
2.97591
8.75364
1.66651
7.76693
0.0475085
2.69507
8.3867
1.72413
28.501
0.0833317
0.0215084
13.5083
83.0949
6.26128
11.8102
2.70293
0.188702
0.584592
9.46088
0.619518
1.80462
0.222348
0.423327
0.761853
22.5833
2.22999
6.42757
3.53817
2.4072
0.0539751
0.0537444
3.21963
23.1759
1.50073
17.3521
0.103028
0.228263
1.3358
1.62783
39.5735
11.4722
3.07906
2.62351
0.307833
37.8112
0.956291
7.62608
17.037
10.605
3.17772
49.4519
1.60273
0.0292404
1.7865
27.3394
4.59326
0.703327
0.905892
6.63277
24.3471
2.13984
0.096375
22.5684
51.0921
365.632
10.3322
5.19885
73.0789
103.091
4.88583
5.9373
4.16236
0.179099
4.30093
8.89313
0.616489
15.9903
0.890511
0.240228
2.91377
334.866
0.190525
9.9816
0.475397
0.126494
56.6498
33.4058
4.45235
15.9104
1.85762
0.265716
0.0086506
1.52055
2.55631
11.4751
0.0648563
0.171084
3.032
0.965811
9.5389
0.955003
38.1612
2.14972
10.8154
9.26006
8.46708
8.87064
4.72839
0.01344
1.0517
0.0201763
0.17363
0.29776
1.36549
12.6469
5.90094
35.7649
0.168006
2.32986
8.84793
1.59017
8.97588
1.09253
0.0188663
0.292589
1.4321
22.5861
61.1916
2.60946
37.8863
30.7237
8.69249
17.6895
11.2054
0.201973
0.0171228
0.0762512
14.8718
0.271106
913.707
9.12928
16.9571
0.72918
17.2129
47.0121
1.80774
0.1254
18.4836
0.0689807
0.321563
6.81967
1.68383
0.334902
13.3339
0.941754
0.88932
1.64641
2.04667
0.915624
5.92664
710.1
0.456187
0.787025
13.7381
53.9406
46.8021
4.67755
0.462995
0.537409
0.258339
13.4206
10.7832
0.290492
14.0901
1.18963
146.153
0.269337
27.0851
58.713
0.693211
4.61378
63.4877
95.788
0.903106
71.2158
21.6009
1.50033
0.360362
6.79309
0.249815
0.36827
8.95483
1.74199
0.438517
0.180646
0.00299701
0.0775804
0.897135
2.10067
5.83308
10.3591
2.12202
75.7566
3.49043
6.09432
0.0319958
0.0105547
0.0918196
0.365746
66.0863
68.69
91.6208
15.5015
0.357028
0.456949
0.333683
4.66778
0.0358008
2.94456
77.9245
5.64434
3.19397
0.00615474
15.041
2.41827
0.138916
6.45816
20.363
1.52683
14.9017
0.341183
19.4258
1.02984
13.541
3.70323
0.212168
7.2216
0.0152992
1.39146
0.632573
24.1238
2.41447
0.390089
0.0997696
0.536694
0.34349
1.32214
0.45841
7.79652
0.054088
0.473303
4.22173
2.24297
14.9226
2.57432
63.489
2.09535
20.2732
0.00542485
0.881696
73.804
4.27845
0.0543758
1.50973
5.34353
0.371933
0.663577
2.24017
1.73919
6.179
4.41824
1.94042
1.36821
73.672
0.0602204
0.0950196
1.64124
0.348313
2.78773
96.5273
24.337
4.56754
16.9685
0.102018
30.4502
0.478232
0.0281477
0.133742
13.9256
59.8891
18.7624
4.0401
0.118278
23.9881
0.344316
3.27679
0.498203
1.9473
2.26188
0.00224868
0.832415
18.391
2.32411
2.63887
2.30953
0.0343222
0.783249
42.0108
0.175026
57.686
0.134945
5.97051
1.45931
89.7299
3.3476
30.3498
10.7218
133.987
15.331
3.82297
4.22784
27.2655
9.16539
5.13564
0.867254
5.40041
0.66339
0.0257685
6.32647
3.81962
43.3288
2.89511
10.0671
2.23744
2.26786
4.34686
0.0649001
1.56054
5.58357
3.91152
17.6331
1.23388
0.312958
0.0138601
0.265811
5.99435
21.4226
9.23683
0.083898
5.67485
25.138
8.98954
6.62215
0.00811197
0.0879388
6.06829
46.1647
0.655836
51.4814
0.286579
240.677
2.35202
3.26154
3.57526
0.826851
4.15304
0.0195334
6.12552
3.60595
0.149609
0.206485
42.2499
0.00187557
22.965
0.103389
13.3132
263.223
12.4432
4.25813
10.9861
14.6393
16.4953
405.314
22.1387
36.2175
1.58834
229.693
34.1268
1.09299
7.38375
170.032
1.87276
12.7299
2.88544
0.864663
15.0196
1.08168
0.437319
0.781296
0.414608
2.01206
5.70369
0.065943
0.025835
2.60827
29.2936
4.75619
0.597136
0.0532606
2.08748
1.2143
17.6617
27.7058
31.5362
2.25261
0.374793
2.67617
43.0469
0.478956
0.157425
36.5449
18.9898
0.591524
0.332871
1.08804
20.1384
13.4146
3.43969
11.9055
0.435508
41.7617
61.1439
30.2139
6.26051
0.239428
0.0824342
0.276095
3.66525
4.98267
0.101801
6.41212
0.0347843
3.91434
8.34165
0.0420665
0.859831
0.476189
9.40382
0.00475178
19.4517
2.14268
0.668465
0.611434
0.287847
5.64616
17.748
1.20402
2.55573
0.748947
4.12205
0.257744
3.45361
3.11975
0.258715
0.0341419
0.295131
0.0130538
1.89032
12.9064
17.1822
0.108103
1.03827
0.382599
6.30624
0.38538
66.4324
2.3299
41.4729
17.5963
0.00316083
2.16632
0.110372
0.330372
0.874308
6.18785
0.616478
5.83939
0.232872
44.6713
50.6094
19.4388
82.3803
1.32259
9.05699
0.10251
154.101
5.33243
10.3233
267.996
3.68679
2.74882
7.42021
13.7979
17.5562
8.00931
0.152445
0.62316
3.12866
3.20393
0.740712
3.33636
49.1866
3.02435
0.0366206
46.6973
0.147492
0.574525
99.6836
0.344163
5.12368
0.257989
0.0181997
0.418722
87.494
3.67954
6.78331
0.41553
16.9555
0.624767
0.00508295
4.25944
3.37748
1.02134
3.1907
0.311981
0.393193
0.238145
7.08747
0.00766909
0.424268
3.01534
7.83472
10.4899
31.0332
0.171808
9.07635
4.35921
0.00101881
0.00131512
0.0147924
2.30901
0.324503
0.201348
2.65892
29.926
33.4516
2.53323
1.67737
0.00617162
121.403
0.0249225
11.6959
2.03929
6.95122
1.96051
0.34846
10.0938
0.184684
0.876572
0.110021
8.105
68.8531
0.272496
0.754722
45.5017
0.555492
2.01952
5.79865
55.1674
7.9901
0.17334
62.808
2.95622
4.79921
4.10205
3.24822
14.6473
0.736304
2.73233
0.0588835
0.501233
2.44129
4.2758
26.4145
3.70955
0.0202231
0.0402334
5.11604
0.133609
0.0400088
4.68689
0.209022
0.36644
12.8197
0.0698909
1.47225
0.0891136
8.7465
40.5395
0.0739246
10.8077
158.972
1.73933
8.9413
0.188857
1.97351
10.6973
0.639307
2.77728
0.0824622
0.0602631
1.66864
1.89904
1.00744
1.98078
0.646492
1.02342
0.215511
3.6578
15.7299
10.2951
5.74144
27.5373
3.77322
0.00788688
2.38547
9.09966
0.49654
0.999598
0.026009
23.8465
1.14069
1.77638
0.228107
6.31874
26.7681
4.57546
3.46469
14.1388
0.888471
1.24335
0.0370835
0.283365
0.332311
0.454375
0.329771
10.508
7.09239
6.21701
7.0167
0.103165
1.99176
29.1525
5.43466
3.09952
42.8293
4.79719
0.0761741
0.0420237
0.656808
0.0380129
18.0079
22.6034
2.35815
6.96589
5.45318
12.3845
1.28219
1.12041
1.00077
0.038266
19.9593
1.41655
0.290063
0.0112413
0.848611
2.13763
0.94921
0.00215221
0.065644
0.258998
0.688345
5.09085
2.16926
23.9078
2.71358
1.93958
2.34121
0.00247904
1.44503
4.75663
4.46088
3.14275
1.06359
2.9961
125.817
0.623339
22.5207
0.941768
12.3519
0.261116
16.4817
11.3511
12.5556
2.8533
16.8603
0.220205
3.48086
33.5056
3.26334
1.01132
7.61608
25.8765
0.76428
35.0795
0.0756507
0.974038
0.16737
64.7893
1.34035
0.0413026
0.00617426
2.01305
16.6684
0.278588
11.7194
0.0763037
0.598712
1.51433
0.263219
4.06373
0.887391
127.519
73.479
3.31298
0.0725355
10.1465
0.879239
65.5731
2.41281
10.8783
11.6419
10.8928
0.402097
4.92736
0.460477
0.644002
45.6791
167.806
4.23267
61.3904
0.602425
0.303377
49.959
54.5824
17.8245
0.718423
4.37598
43.0952
0.918191
4.69784
0.619356
5.08776
27.7487
15.5182
25.5239
0.845449
1.39144
2.48342
1.63993
8.0949
0.00304284
9.59197
0.838697
0.00646304
8.42615
4.73741
1.15382
29.0636
5.51898
7.40697
81.188
5.2708
6.61224
0.447003
6.22674
10.5067
0.00154884
0.396296
0.0116193
3.69813
0.16156
22.7595
7.09754
0.953855
0.171688
13.0443
2.06167
0.762145
3.40398
115.382
1.24477
0.672342
12.7671
0.695348
0.166092
4.286
10.0281
5.1793
1.12358
26.3938
1.31152
0.259241
50.9995
32.2495
0.522844
129.696
2.44526
0.0738342
0.00278072
1.14938
3.00508
0.091137
4.02678
9.88173
1.48842
1.16985
1.02984
3.62349
0.262578
0.322027
0.564604
1.24359
18.791
2.48454
11.0004
9.15929
0.430351
2.38894
2.19764
0.38161
5.54171
46.234
1.50818
0.0443797
0.0737077
1.84456
4.41284
4.6101
9.06231
0.877666
0.0105682
1.0101
446.876
99.8768
12.6239
13.4955
109.856
12.9744
40.2065
0.833156
11.2562
6.55115
3.70025
1.19388
0.0431672
1.48463
9.28716
37.4021
0.191612
0.00246798
3.01996
1.01605
0.575394
0.022706
2.24501
11.6806
0.411879
1.2022
85.2733
0.498647
26.498
41.5685
17.2029
21.3674
9.42163
0.00206146
1044.44
2.65683
3.61502
0.0570181
2.33336
2.30589
8.37038
0.390006
64.0096
6.89157
0.317267
2.65081
0.0700806
0.0471687
14.1568
75.5679
1.46508
0.0863362
10.1863
75.7512
0.451778
0.615607
0.0504431
13.7985
1.76231
7.73379
1.15207
0.0124723
2.53441
14.4002
1.09427
2.35415
2.60876
9.67727
9.66255
0.190828
3.59511
0.27351
13.6737
3.94291
0.702592
3.18626
36.7312
20.3919
18.4426
1.68451
2.24984
11.2955
4.61489
2.06956
4.74109
4.40909
24.5655
92.1808
47.0057
0.205521
0.14502
1.22596
0.626419
0.0844905
0.244558