0.000304934
0.000304082
0.000304915
0.000308633
0.000305034
0.000304142
0.000310828
0.000303491
0.000308393
0.000296595
0.000304363
0.000303601
0.000387796
0.000365484
0.000309756
0.000320781
0.000300384
0.000372329
0.0003034
0.000303852
0.000319879
0.000302578
0.000297327
0.000304484
0.000297988
0.00030275
0.00030342
0.000296745
0.000338081
0.000296925
0.000301045
0.000296635
0.000296565
0.000295984
0.000297267
0.000296445
0.000297156
0.000297377
0.000296976
0.000296595
0.000338241
0.000296956
0.00029878
0.000296635
0.000297286
0.000299883
0.000296285
0.000304012
0.000297056
0.000297737
0.000314276
0.000298198
0.000297226
0.000296595
0.000323678
0.000297807
0.000297326
0.000301797
0.000296595
0.000298389
0.000326535
0.000296134
0.00029894
0.000324078
0.000297417
0.00029895
0.000325812
0.000306457
0.000306377
0.000377352
0.000313875
0.00472132
0.000323257
0.000310979
0.00816289
0.000315278
0.000317905
0.000313794
0.000314557
0.000313284
0.000312682
0.000312191
0.000308513
0.000310868
0.00030741
0.0100535
0.000373402
0.000314717
0.00031165
0.000311189
0.0112968
0.0105529
0.000315669
0.0111512
0.000315549
0.000320149
0.000297948
0.00316666
0.00982205
0.00314059
0.000296645
0.0108628
0.000319478
0.000319367
0.000298279
0.000322294
0.00029882
0.000313905
0.000298088
0.000297548
0.000319157
0.000312111
0.000297036
0.000313604
0.000297868
0.000350499
0.000341358
0.00311053
0.000298189
0.000296675
0.000310317
0.000297437
0.000320631
0.000321302
0.000299712
0.00313455
0.000319177
0.000299802
0.000297407
0.000300644
0.000321512
0.000317724
0.000297487
0.00306508
0.000297256
0.000299231
0.000319228
0.00311125
0.00032055
0.000299762
0.000297297
0.000331094
0.000296806
0.000297838
0.000296615
0.000302138
0.000297056
0.000298801
0.000328789
0.000297117
0.000297939
0.000297958
0.000297578
0.000296926
0.00029876
0.000297697
0.000297667
0.000297016
0.000297367
0.000318957
0.000321192
0.0031258
0.000296765
0.000297257
0.00029859
0.000300414
0.000298359
0.000343152
0.000296966
0.000300614
0.000296755
0.000334463
0.000297908
0.000299602
0.000297126
0.000298049
0.000296695
0.00037703
0.000354579
0.000353687
0.000343865
0.000353726
0.000297117
0.000298098
0.000331786
0.000300925
0.000318977
0.000298098
0.0003202
0.000313033
0.00029861
0.000315809
0.000312682
0.000317764
0.000299
0.000310617
0.00031597
0.000297979
0.000309504
0.000315299
0.000296124
0.000311038
0.00314274
0.000315489
0.000297557
0.0030809
0.000300163
0.000314877
0.00310873
0.000296645
0.000301496
0.000298048
0.000317363
0.00301935
0.00305019
0.000298871
0.000322194
0.000345628
0.000314787
0.00309818
0.00316022
0.000321032
0.000299973
0.00308422
0.00306703
0.000295272
0.00309467
0.00308263
0.003128
0.000325342
0.00029859
0.000296064
0.00029852
0.000298229
0.00029859
0.000298029
0.000325571
0.000296695
0.00029876
0.00307093
0.000298268
0.000364392
0.000338412
0.000340887
0.000334262
0.000297587
0.000297948
0.000316892
0.000313234
0.000297948
0.000319849
0.00032043
0.00309376
0.000312803
0.000320741
0.000297397
0.00309808
0.0030794
0.000318796
0.000298289
0.000319067
0.000315027
0.000297147
0.000310768
0.000318225
0.00311862
0.000313013
0.000299422
0.000307851
0.00306748
0.00304602
0.000319437
0.00029861
0.00302746
0.000329601
0.000342932
0.000346641
0.000341138
0.000334322
0.000299452
0.000299572
0.000299251
0.000298278
0.00310236
0.00316861
0.00307752
0.000318055
0.00032039
0.000297447
0.000314707
0.000295262
0.000297097
0.000314196
0.00305723
0.00303555
0.00303543
0.00308064
0.000297497
0.000321492
0.000299942
0.00305197
0.000334663
0.000300203
0.000347002
0.0003462
0.000347673
0.000298871
0.000298118
0.00308314
0.000299502
0.000379486
0.000296705
0.000300443
0.000297477
0.000297717
0.000297086
0.000319368
0.00029853
0.000297277
0.000297858
0.000319829
0.000298359